1.027 0.55
-0.154 5.561
1.256 -0.42
0.936 0.937
0.633 2.22
0.548 2.58
1.044 0.477
-0.45 6.813
0.75 1.724
0.737 1.782
1.175 -0.078
0.809 1.474
0.84 1.345
-0.53 7.153
-0.029 5.031
-0.874 8.613
-1.009 9.185
0.827 1.399
0.42 3.125
0.505 2.766
0.75 1.723
0.147 4.283
-1.004 9.166
-0.856 8.538
0.779 1.601
-0.388 6.553
-1.605 11.715
0.083 4.556
1.142 0.063
-0.932 8.858
-1.427 10.961
-1.042 9.327
-0.389 6.556
-0.072 5.211
0.25 3.848
-0.037 5.063
0.238 3.899
-1.42 10.931
1.283 -0.535
-0.64 7.622
0.581 2.442
2.267 -4.709
-0.574 7.341
1.419 -1.111
2.167 -4.285
1.37 -0.906
-1.124 9.675
-0.724 7.977
-1.035 9.296
0.857 1.272
