-0.895 1
-0.126 1
1.18 1
-1.454 1
-0.996 1
0.574 1
0.881 1
-0.853 1
-1.178 1
1.817 1
-0.775 1
0.566 1
-3.533 1
-0.552 1
1.251 1
0.63 1
-0.247 1
3.007 1
1.928 1
-1.875 1
-1.663 1
3.433 1
-2.088 1
0.824 1
1.707 1
0.979 1
1.943 1
-2.598 1
0.045 1
-1.544 1
1.484 1
0.46 1
2.475 1
-0.53 1
-0.981 1
-2.499 1
0.442 1
-0.077 1
-1.17 1
1.857 1
3.653 1
1.073 1
-0.729 1
-1.268 1
2.358 1
-1.356 1
-0.918 1
-0.072 1
1.643 1
-0.761 1
1.691 2
-0.417 2
4.817 2
2.321 2
1.452 2
-1.588 2
0.014 2
6.94 2
3.608 2
4.686 2
-2.703 2
-7.066 2
-1.258 2
-2.625 2
-0.667 2
-2.173 2
8.081 2
-0.654 2
-1.464 2
2.035 2
-2.276 2
4.132 2
4.051 2
5.812 2
-8.717 2
0.231 2
5.472 2
-1.03 2
-6.072 2
-3.554 2
-3.772 2
-4.411 2
2.932 2
3.466 2
-1.919 2
-0.452 2
-0.633 2
5.973 2
-1.327 2
-0.635 2
-0.2 2
-6.591 2
1.388 2
-0.884 2
2.127 2
-4.732 2
-4.99 2
0.737 2
0.719 2
-12.209 2
