1.027 1.068
0.444 -0.276
0.118 2.542
0.807 2.444
-0.248 0.317
3.124 -0.89
0.511 -0.817
0.022 0.185
-0.566 1.934
2.768 -0.481
0.293 -0.83
0.87 -0.179
-0.155 0.05
1.222 1.731
0.537 1.167
2.2 -0.624
0.536 0.292
1.788 1.199
0.644 2.039
0.542 -0.106
1.092 0.985
1.439 0.917
-0.273 1.315
1.051 -1.088
1.325 0.232
1.598 -0.215
0.125 0.192
3.025 -1.024
1.289 -0.225
2.032 -0.867
0.586 1.821
2.008 -0.4
0.215 4.081
2.197 0.245
0.52 0.903
-0.779 -1.806
1.078 0.559
1.099 0.006
1.211 0.499
-1.416 1.286
2.186 1.788
0.331 1.606
-0.873 -0.395
0.124 1.743
-2.292 0.7
2.316 0.903
1.415 0.719
0.204 -1.05
1.475 -0.72
3.49 0.03
